Exception occurred: Error while parsing SML package. Second element on root level is not a list
Data:
05 
07 53 62 82 62 00 62 00 72 63 01 01 76 01 01 05 02 71 20 D6 0B 0A 01 49 53 4B 00 05 5D 33 43 72 62 01 65 02 71 21 74 62 01 63 BB BC 00 76 05 07 53 62 83 62 00 62 00 72 63 07 01 77 01 0B 0A 01 49 53 4B 00 05 5D 33 43 07 01 00 62 0A FF FF 72 62 01 65 02 71 21 74 75 77 07 01 00 60 32 01 01 01 01 01 01 04 49 53 4B 01 77 07 01 00 60 01 00 FF 01 01 01 01 0B 0A 01 49 53 4B 00 05 5D 33 43 01 77 07 01 00 01 08 00 FF 65 00 1C 41 04 01 62 1E 52 FF 65 02 23 DF 3B 01 77 07 01 00 02 08 00 FF 01 01 62 1E 52 FF 65 00 41 53 4F 01 77 07 01 00 10 07 00 FF 01 01 62 1B 52 00 53 01 05 01 01 01 63 56 F5 00 76 05 07 53 62 84 62 00 62 00 
72 63 02 01 71 01 63 CF ED 00 00

Exception occurred: Error while parsing SML package. vector::_M_range_check: __n (which is %zu) >= this->size() (which is %zu)
Data:
76 
   05 07 53 64 53 
   62 00 
   62 00 
   72 
      63 01 01 
      76 
         01 
         01 
         05 02 71 21 71 
         0B 0A 01 49 53 4B 00 05 5D 33 43 
         72 
            62 01 
            65 02 71 22 0F 
         62 01 
   63 19 B7 
   00 
76 
   05 07 53 64 54 
   62 00 
   62 00 
   72 
      63 07 01 
      77 
         01 
         0B 0A 01 49 53 4B 00 05 5D 33 43 
         07 01 00 62 0A FF FF 
         72 
            62 01 
            65 02 71 22 0F 
                75 
                   77 
                      07 01 00 60 32 01 01 
                      01 
                      01 
                      01 
                      01 
                      04 49 53 4B 
                      01 
                   77 
                      07 01 00 60 01 00 FF 
                      01 
                      01 
                      01 
                      01 
                      0B 0A 01 49 53 4B 00 05 5D 33 43 
                      01 
                   77 
                      07 01 00 01 08 00 FF 
                      00 
                      1C 41 04 
                      01 
                      62 1E 
                      52 FF 
                      65 02 23 DF 8B 
                      01 
                   77 
                      07 01 00 02 08 00 FF 
                      01 
                      01 
                      62 1E 
                      52 FF 
                      65 00 41 53 6E 
                      01 
                   77 
                      07 01 00 10 07 00 FF 
                      01 
                      01 
                      62 1B 
                      52 00 
                      53 00 82 
                      01 
            01 01 63 D1 C0 00 76 05 07 53 64 55 62 00 62 00 
72 63 02 01 71 01 63 C8 91 00 00


Exception occurred: Error while parsing SML package. vector::_M_range_check: __n (which is %zu) >= this->size() (which is %zu)
Data:
76 05 07 53 64 53 62 00 62 00 72 63 01 01 76 01 01 05 02 71 21 71 0B 0A 01 49 53 4B 00 05 5D 33 43 72 62 01 65 02 71 22 0F 62 01 63 19 B7 00 76 05 07 53 64 54 62 00 62 00 72 63 07 01 77 01 0B 0A 01 49 53 4B 00 05 5D 33 43 07 01 00 62 0A FF FF 72 62 01 65 02 71 22 0F 75 77 07 01 00 60 32 01 01 01 01 01 01 04 49 53 4B 01 77 07 01 00 60 01 00 FF 01 01 01 01 0B 0A 01 49 53 4B 00 05 5D 33 43 01 77 07 01 00 01 08 00 FF 00 1C 41 04 01 62 1E 52 FF 65 02 23 DF 8B 01 77 07 01 00 02 08 00 FF 01 01 62 1E 52 FF 65 00 41 53 6E 01 77 07 01 00 10 07 00 FF 01 01 62 1B 52 00 53 00 82 01 01 01 63 D1 C0 00 76 05 07 53 64 55 62 00 62 00 
72 63 02 01 71 01 63 C8 91 00 00