
76
   05 06 E1 17 B2
   62 00
   62 00
   72
      63 01 01 // getListResponse
      76
         01
         01
         05 02 4B 07 E6
         0B 00 00 00 00 00 00 00 00 00 00
         72
            62 01
            65 02 4B 08 57
         62 01
   63 B9 63
   00
76 // Root
   05 06 E1 17 B3
   62 00
   62 00
   72 // Level 2
      63 07 01
      77
         01
         0B 00 00 00 00 00 00 00 00 00 00
         07 01 00 62 0A FF FF
         72
            62 01
            65 02 4B 08 57
         75
            77
               07 01 00 60 32 01 01
               01
               01
               01
               01
               04 49 53 4B
               01
            77
               07 01 00 60 01 00 FF
               01
               01
               01
               01
               0B 00 00 00 00 00 00 00 00 00 00 // Server ID
               01
            77
               07 01 00 01 08 00 FF
               65 00 1C 01 04
               01
               62 1E
               52 FF
               65 01 F7 BD 43 // Verbrauch Tarif 1
               01
            77
               07 01 00 02 08 00 FF
               01
               01
               62 1E
               52 FF
               65 00 41 28 5E // Verbrauch Tarif 2
               01
            77
               07 01 00 10 07 00 FF
               01
               01
               62 1B
               52 00
               54 12 34 56  // Aktuelle Leistung
               01
         01
         01
   63 47 24
   00
76
   05 06 E1 17 B4
   62 00
   62 00
   72 63
      02 01
      71
         01
   63 49 CB
   00
00